6
A1-A1z	23937	0	0.07348258781071773	0.09925450372748136	0.8347423097881786	0.05238947610523895	0.3413734137341373
A1-A1du-A1z-A1ds-A1dr	24944	0.07348258781071773	0	0.10246925922223334	0.8347910398528633	0.07348258781071773	0.3072674287827969
A1-A1dm	24017	0.09925450372748136	0.10246925922223334	0	0.8347414836071311	0.09925450372748136	0.3808607129106937
A1g/A1-A1l-A1cr-A1o-A1dp-A1p-A1dq-A1dn	24019	0.8347423097881786	0.8347910398528633	0.8347414836071311	0	0.8347423097881786	0.8347390050144233
A1-A1z-A1do	24021	0.05238947610523895	0.07348258781071773	0.09925450372748136	0.8347423097881786	0	0.3312333123331233
A1-A1ds-A1z-A1dr-A1bh	24991	0.3413734137341373	0.3072674287827969	0.3808607129106937	0.8347390050144233	0.3312333123331233	0
