112
S1_E_field	45764	0	0.008645494370378466	0.06303425264274075	0.1412954022641337	0.15721884595942068	0.8008817656202158	0.8005292754273653	0.8053430164699779	0.8006113625816975	0.7998043178233469	0.0752005258690061	0.08153247821607561	0.08247429605782011	0.13421120803255657	0.1360269863611051	0.805343016469978	0.8053430164699781	0.8010238363821301	0.8009298095396085	0.8010090640005776	0.805343016469978	0.8010802471923651	0.805343016469978	0.8053430164699779	0.805343016469978	0.7998763431162491	0.805343016469978	0.7994364020802432	0.7995509515988515	0.7998764675443651	0.7765411043098346	0.7784297632299816	0.7788984259228233	0.7766446272827903	0.7588039014518794	0.805343016469978	0.7986100520308649	0.798557605104414	0.797383863443998	0.8003180995264563	0.10153267477394783	0.11136925702961771	0.1072600587638824	0.07120795343086565	0.12231469400631798	0.805343016469978	0.805343016469978	0.805343016469978	0.805343016469978	0.805343016469978	0.06718164860922249	0.07593851323585316	0.07136988680575773	0.28685199937696376	0.13396964010993662	0.8011572741547393	0.805343016469978	0.800957585845054	0.805343016469978	0.8012892507349663	0.11761312502931673	0.12042525521444275	0.11826526015466628	0.09403089903885455	0.10576796084073778	0.8053430164699779	0.805343016469978	0.8053430164699779	0.805343016469978	0.8053430164699782	0.04927298082792524	0.047350934088392777	0.05913590973933344	0.799568497679877	0.805343016469978	0.8008424940879157	0.05390210757193662	0.05853871535055589	0.06781666091304235	0.8010247751718883	0.805343016469978	0.8053430164699779	0.8053430164699777	0.8053430164699779	0.805343016469978	0.8010505245654672	0.805343016469978	0.8007036703968528	0.7756495298799398	0.7714321863525628	0.777721718995873	0.7988731893908108	0.8004872609715489	0.8001177912447527	0.08812096873160624	0.08602525144296384	0.09901914900133826	0.8053430164699779	0.805343016469978	0.805343016469978	0.09376481710956573	0.07384019867838537	0.08460124101822405	0.8053430164699779	0.805343016469978	0.805343016469978	0.12241256996649595	0.11419847633751472	0.10455161525061671	0.8053430164699779	0.805343016469978	0.805343016469978
S1_E_LT_31A	45765	0.008645494370378466	0	0.06705012791410274	0.1425330616781309	0.15845650537341782	0.7959672649274098	0.7956147747345592	0.8004285157771718	0.7956968618888914	0.7948898171305409	0.07947603431880616	0.08580798666587569	0.08674980450762018	0.13357343332179245	0.13952975084131455	0.8004285157771718	0.8004285157771719	0.7961093356893241	0.7960153088468024	0.7960945633077713	0.8004285157771719	0.796165746499559	0.8004285157771718	0.8004285157771717	0.8004285157771718	0.7949618424234429	0.8004285157771718	0.7945219013874372	0.7946364509060452	0.794961966851559	0.7716266036170284	0.7735152625371754	0.7739839252300171	0.7717301265899842	0.7538894007590734	0.8004285157771718	0.7936955513380587	0.7936431044116078	0.7924693627511918	0.7954035988336502	0.10580818322374794	0.11564476547941777	0.11113442317795104	0.07932734114782583	0.13073195917933358	0.8004285157771718	0.8004285157771718	0.8004285157771718	0.8004285157771719	0.8004285157771718	0.07145715705902254	0.08021402168565323	0.07564539525555779	0.2860413098278311	0.13583146414399275	0.7962427734619331	0.8004285157771718	0.796043085152248	0.8004285157771718	0.7963747500421601	0.12148748944338537	0.12429961962851144	0.12213962456873496	0.09728109883286422	0.11418522601375342	0.8004285157771718	0.8004285157771718	0.8004285157771718	0.800428515777172	0.8004285157771721	0.057066081380881886	0.054992237616891565	0.06755317491234906	0.794653996987071	0.8004285157771718	0.7959279933951096	0.06231937274495223	0.0669559805235715	0.07623392608605797	0.796110274479082	0.8004285157771719	0.8004285157771719	0.8004285157771717	0.8004285157771717	0.8004285157771718	0.7961360238726611	0.8004285157771719	0.7957891697040468	0.7707350291871338	0.7665176856597568	0.772807218303067	0.7939586886980047	0.7955727602787427	0.7952032905519465	0.09216824798404344	0.09191361900010805	0.10339169610555782	0.8004285157771717	0.8004285157771718	0.8004285157771718	0.10218208228258134	0.08225746385140098	0.09301850619123966	0.8004285157771718	0.8004285157771718	0.8004285157771718	0.1264598492189332	0.11824575558995193	0.1104743286278152	0.8004285157771717	0.8004285157771718	0.8004285157771717
S1_E_LT_33A	45766	0.06303425264274075	0.06705012791410274	0	0.1889477690442968	0.20513076144791467	0.8528543476992103	0.8525018575063595	0.8573155985489722	0.8525839446606919	0.8517768999023411	0.021354029150772773	0.03212307045758227	0.03639708091704645	0.18559538813110896	0.17763901137258634	0.8573155985489722	0.8573155985489724	0.8529964184611246	0.8529023916186028	0.8529816460795718	0.8573155985489724	0.8530528292713596	0.8573155985489724	0.8573155985489722	0.8573155985489722	0.8518489251952436	0.8573155985489724	0.8514089841592376	0.8515235336778454	0.8518490496233592	0.8285136863888287	0.8304023453089758	0.8308710080018175	0.8286172093617846	0.8107764835308736	0.8573155985489724	0.8505826341098591	0.8505301871834081	0.8493564455229924	0.8522906816054506	0.05413162807912843	0.060045565466679385	0.06509932699624942	0.11343769447272438	0.1383587589878548	0.8573155985489721	0.8573155985489721	0.8573155985489722	0.8573155985489721	0.8573155985489724	0.02765953028419767	0.02656431497129415	0.03243085004959191	0.339084214634396	0.1741500705277583	0.8531298562337335	0.8573155985489721	0.8529301679240483	0.8573155985489721	0.8532618328139603	0.07545239326168375	0.07826452344680977	0.07610452838703329	0.1160451195064872	0.12105381198645564	0.8573155985489724	0.8573155985489722	0.8573155985489722	0.8573155985489722	0.8573155985489722	0.07001106568447019	0.06025509964221339	0.07013663845223699	0.8515410797588715	0.8573155985489721	0.85281507616691	0.04877019231332206	0.046254843423243104	0.06785072854659083	0.8529973572508827	0.8573155985489721	0.8573155985489722	0.8573155985489722	0.8573155985489722	0.8573155985489722	0.8530231066444613	0.8573155985489721	0.8526762524758473	0.8276221119589338	0.8234047684315572	0.8296943010748672	0.8508457714698049	0.852459843050543	0.8520903733237468	0.05417579289806319	0.048720384484979506	0.052392903716364125	0.8573155985489721	0.8573155985489721	0.8573155985489722	0.08253445774927014	0.06614342820332952	0.07687034093936722	0.8573155985489721	0.8573155985489722	0.8573155985489721	0.07365974360981989	0.06423273854588643	0.05781103500571455	0.8573155985489721	0.8573155985489722	0.8573155985489721
S1_E_LT_35A	45767	0.1412954022641337	0.1425330616781309	0.1889477690442968	0	0.05675333573398227	0.7065570029439482	0.7062045127510979	0.7110182537937102	0.7062865999054299	0.7054795551470793	0.19292889331657545	0.20791557010434086	0.20968425456216888	0.09496399937406527	0.10064828229462182	0.7110182537937102	0.7110182537937101	0.7066990737058624	0.7066050468633407	0.7066843013243099	0.7110182537937102	0.7067554845160973	0.7110182537937102	0.7110182537937102	0.7110182537937103	0.7055515804399813	0.7110182537937102	0.7051116394039756	0.7052261889225836	0.7055517048680973	0.6822163416335667	0.6841050005537139	0.6845736632465554	0.6823198646065226	0.6644791387756116	0.7110182537937101	0.704285289354597	0.7042328424281461	0.7030591007677303	0.7059933368501886	0.21443484378859912	0.23094016947807555	0.22719259725605906	0.11129831956982535	0.11360150405437439	0.7110182537937102	0.7110182537937101	0.7110182537937101	0.7110182537937104	0.7110182537937103	0.17911091991112427	0.1843691805250348	0.18652397296225925	0.20278544490640377	0.09701411028133858	0.7068325114784714	0.7110182537937102	0.7066328231687862	0.71101825379371	0.7069644880586984	0.2208010220688409	0.22685992984810233	0.22816723892823806	0.15254326773403212	0.12494920342930473	0.7110182537937102	0.7110182537937102	0.7110182537937102	0.7110182537937103	0.7110182537937104	0.12198688794889	0.13233935422902235	0.12878189832123743	0.7052437350036094	0.7110182537937101	0.706517731411648	0.14675490619101428	0.1470640037497471	0.13272153146210497	0.7067000124956206	0.7110182537937104	0.7110182537937102	0.7110182537937102	0.7110182537937102	0.7110182537937101	0.7067257618891994	0.7110182537937103	0.7063789077205852	0.681324767203672	0.6771074236762952	0.6833969563196053	0.704548426714543	0.7061624982952813	0.7057930285684849	0.1691632870100627	0.1703144841169476	0.18332661896007452	0.7110182537937101	0.7110182537937102	0.7110182537937103	0.14331037016289327	0.13758360344089482	0.13972584773154528	0.7110182537937102	0.7110182537937101	0.7110182537937101	0.17240378946675153	0.19005668240948423	0.17731218094094717	0.7110182537937102	0.7110182537937103	0.7110182537937102
S1_E_ST_39B	45768	0.15721884595942068	0.15845650537341782	0.20513076144791467	0.05675333573398227	0	0.7275638668896414	0.7272113766967908	0.7320251177394035	0.7272934638511231	0.7264864190927723	0.20987387299679658	0.2248605497845619	0.22662923424239	0.1268042723207192	0.054760530127219015	0.7320251177394035	0.7320251177394034	0.7277059376515558	0.727611910809034	0.727691165270003	0.7320251177394035	0.7277623484617906	0.7320251177394035	0.7320251177394035	0.7320251177394034	0.7265584443856746	0.7320251177394034	0.7261185033496688	0.7262330528682769	0.7265585688137906	0.70322320557926	0.7051118644994072	0.7055805271922488	0.7033267285522159	0.685486002721305	0.7320251177394035	0.7252921533002904	0.7252397063738395	0.7240659647134235	0.7270002007958818	0.23137982346882022	0.24788514915829668	0.2441375769362802	0.12433710040841138	0.09485434368117836	0.7320251177394035	0.7320251177394034	0.7320251177394034	0.7320251177394034	0.7320251177394036	0.1960558995913454	0.2013141602052559	0.20346895264248044	0.24578853421710564	0.06562754016170168	0.7278393754241647	0.7320251177394035	0.7276396871144795	0.7320251177394035	0.7279713520043916	0.23774600174906207	0.2438049095283235	0.24511221860845925	0.16558204857261816	0.1339538371141262	0.7320251177394035	0.7320251177394034	0.7320251177394035	0.7320251177394035	0.7320251177394035	0.13893186762911117	0.14826279792430935	0.1424723312401884	0.7262505989493026	0.7320251177394035	0.7275245953573412	0.16369988587123538	0.16400898342996828	0.14580352754661766	0.7277068764413136	0.7320251177394036	0.7320251177394035	0.7320251177394035	0.7320251177394035	0.7320251177394034	0.7277326258348927	0.7320251177394035	0.7273857716662784	0.7023316311493653	0.6981142876219883	0.7044038202652985	0.7255552906602364	0.7271693622409743	0.7267998925141781	0.1829133403270167	0.18335326495553364	0.197324430719172	0.7320251177394034	0.7320251177394034	0.7320251177394036	0.14234215536604	0.1495363069693931	0.14454664584809862	0.7320251177394035	0.7320251177394034	0.7320251177394035	0.1845598802637158	0.20309546324807032	0.1903509617795332	0.7320251177394034	0.7320251177394035	0.7320251177394035
S1_P_field	45769	0.8008817656202158	0.7959672649274098	0.8528543476992103	0.7065570029439482	0.7275638668896414	0	0.011060166240810985	0.021353908233985818	0.016825523464601845	0.05617283936975031	0.8550261435213532	0.8639487690642931	0.8643461336447633	0.7343596612748208	0.775956417561118	0.026747578245658796	0.02310561836038235	0.024214461532030218	0.02056372809925086	0.048557863887648066	0.412219578518015	0.04149156212206386	0.4022974824752259	0.4031200163630558	0.4035461871073471	0.028587813156435767	0.402962336087172	0.045737535666295355	0.025941668276120447	0.02717090713696082	0.36620822506716344	0.36340678881032396	0.3630925422114915	0.37026438503532655	0.3730386704325286	0.017530572497384808	0.03096637140029767	0.02485058273105554	0.024973489227091084	0.041362860259592425	0.8810546449381411	0.8864345640689573	0.8826194697633563	0.8007976983011859	0.8137985822849221	0.40660362021088936	0.2672491643168315	0.38321784859026486	0.3170202294537351	0.38070976807571366	0.8507016397552601	0.8597349747674075	0.8496962502501059	0.66965515126664	0.7718928298521446	0.021844792875915002	0.027670030449959495	0.03265897827813964	0.03127288085040489	0.039537568802262994	0.8775679071389317	0.8844276380391267	0.8885411414947355	0.8107377422494959	0.8168247385354243	0.4045604334070262	0.4063716253016406	0.40557389821021506	0.4060475612896503	0.4062151006022812	0.8190775802150897	0.8275848284799932	0.8276637491502379	0.03529545549427645	0.0478730259010064	0.03666862975385294	0.8382871927748633	0.8403533784087549	0.8297369206352885	0.0293151011147917	0.05670599013885305	0.03711160374147498	0.40281616588879576	0.40160029558246657	0.40343177805277836	0.027184316623892913	0.12881569663834888	0.029983150062067494	0.3731528023822733	0.3689483739856231	0.3706967727756926	0.033368844877768984	0.029005952169439377	0.03211759175899216	0.8637851946478682	0.8661247388429274	0.8704598421252582	0.4024254772381039	0.3499039772663385	0.4053105287955096	0.8365195349259764	0.8332926994888383	0.8380849741117172	0.038451301445524076	0.029356546278088	0.03576957220245551	0.8722659233577696	0.8710283633935615	0.8624826160941051	0.4061055074201025	0.4073243052654671	0.40526225013211503
S1_P_LT_31A	45770	0.8005292754273653	0.7956147747345592	0.8525018575063595	0.7062045127510979	0.7272113766967908	0.011060166240810985	0	0.01338002554300586	0.012230279008730305	0.050763593196138615	0.8546736533285028	0.8635962788714427	0.863993643451913	0.7340071710819704	0.7756039273682677	0.033474945839760434	0.03026226980392164	0.0289496859783614	0.018941089360155552	0.04202864795126764	0.40621410207319075	0.041520850377616964	0.39629200603040177	0.39711453991823165	0.39754071066252283	0.030376162969064827	0.3969568596423478	0.04857190643502951	0.025535493918323927	0.01699870994984297	0.36020274862233925	0.3574013123654998	0.35708706576666727	0.3642589085905023	0.36669279011337697	0.02109596824900862	0.026718211834048985	0.020172496894459487	0.020153357970987787	0.032564220772034094	0.8807021547452907	0.886082073876107	0.8822669795705057	0.8004452081083353	0.8134460920920717	0.4005981437660651	0.26124368787200736	0.3772123721454407	0.3110147530089109	0.3747042916308895	0.8503491495624096	0.859382484574557	0.8493437600572555	0.6693026610737896	0.771540339659294	0.02272783977789648	0.032960619513599486	0.03772817320255972	0.030541585648105718	0.033008352865882586	0.8772154169460813	0.8840751478462764	0.8881886513018852	0.8103852520566452	0.8164722483425737	0.3985549569622019	0.40036614885681643	0.3995684217653908	0.4000420848448261	0.40020962415745703	0.8187250900222394	0.8272323382871426	0.8273112589573873	0.035391395483011436	0.039865830111549844	0.033969884347588096	0.8379347025820129	0.8400008882159044	0.8293844304424383	0.02851261990026553	0.050176774202472636	0.03778905611364869	0.39681068944397163	0.39559481913764233	0.3974263016079542	0.025552474344550796	0.12413097244951952	0.03599630117345358	0.3671473259374491	0.36294289754079895	0.36469129633086833	0.02322661840605272	0.028466603661128322	0.03604524167513059	0.8634327044550176	0.8657722486500771	0.8701073519324078	0.39642000079327977	0.3438985008215144	0.39930505235068536	0.8361670447331259	0.8329402092959879	0.8377324839188667	0.041070562099095674	0.024322070143404848	0.030806181144072048	0.8719134331649194	0.8706758732007109	0.8621301259012546	0.40010003097527824	0.40131882882064285	0.39925677368729096
S1_P_LT_33A	45771	0.8053430164699779	0.8004285157771718	0.8573155985489722	0.7110182537937102	0.7320251177394035	0.021353908233985818	0.01338002554300586	0	0.02160879356289181	0.053044124037917924	0.8594873943711152	0.8684100199140552	0.8688073844945254	0.7388209121245829	0.78041766841088	0.040128054659164185	0.035783665868525064	0.03933756474629037	0.030824982576292802	0.044321003883260095	0.40407470288624797	0.05240061393445869	0.3941526068434589	0.39497514073128875	0.39540131147558	0.04180689829090625	0.394817460455405	0.060002641756870936	0.037968875987635764	0.023974409720681423	0.35389603966537014	0.355261913178557	0.35494766657972443	0.3621195094035595	0.36935504565052363	0.027712962528237507	0.03447596408572001	0.02523666624419613	0.025162997487239956	0.03848679403275294	0.8855158957879031	0.8908958149187194	0.8870807206131183	0.8052589491509479	0.8182598331346841	0.39845874457912234	0.2591042886850645	0.37507297295849784	0.30887535382196807	0.3725648924439466	0.8551628906050223	0.8641962256171697	0.854157501099868	0.6741164021164022	0.7763540807019066	0.03378141444245438	0.03935621965360845	0.048730598106712465	0.0364227485031436	0.035020522063486374	0.8820291579886936	0.8888888888888887	0.8930023923444976	0.8151989930992578	0.8212859893851863	0.39641555777525905	0.3940594398998474	0.3974290225784479	0.3979026856578832	0.3980702249705142	0.8235388310648519	0.8320460793297554	0.832125	0.04041018653086213	0.034701270076625414	0.04237151942259388	0.8427484436246252	0.844814629258517	0.8341981714850508	0.03858432326144266	0.051416467751454614	0.043120343212473676	0.3946712902570288	0.39345541995069955	0.3952869024210114	0.037631179282772834	0.1253243733136799	0.047396795741808696	0.36500792675050625	0.36080349835385617	0.3625518971439255	0.032702761297759286	0.03861163180256586	0.049425267218136455	0.8682464454976303	0.8705859896926895	0.8749210929750203	0.39428060160633693	0.34175910163457146	0.39716565316374247	0.8409807857757385	0.8377539503386005	0.8425462249614791	0.04544473570560129	0.030075532206492478	0.03298858428434762	0.8767271742075318	0.8754896142433235	0.8669438669438668	0.3979606317883354	0.39917942963369996	0.3971173745003481
S1_P_LT_35A	45772	0.8006113625816975	0.7956968618888914	0.8525839446606919	0.7062865999054299	0.7272934638511231	0.016825523464601845	0.012230279008730305	0.02160879356289181	0	0.04299728131899467	0.8547557404828349	0.8636783660257746	0.8640757306062451	0.7340892582363024	0.7756860145225998	0.03992915536501645	0.03656921234089977	0.03596573970579514	0.02187907265186635	0.03839465931110693	0.3984665936473165	0.050299862073634495	0.3885444976045275	0.3893670314923574	0.38979320223664865	0.03923726181941451	0.3892093512164736	0.0574330052853792	0.03439659276867362	0.022944956886389336	0.352455240196465	0.3496538039396256	0.349339557340793	0.3565114001646281	0.3590152825233119	0.029874979945026154	0.03894849084277929	0.032402775903189796	0.029956906082739976	0.02901231928620553	0.8807842418996227	0.8861641610304392	0.8823490667248379	0.8005272952626675	0.813528179246404	0.3928506353401909	0.25349617944613306	0.36946486371956644	0.30326724458303667	0.3669567832050152	0.8504312367167418	0.8594645717288893	0.8494258472115876	0.6693847482281217	0.7716224268136264	0.031506851473914015	0.04151823707039711	0.04650718489857726	0.029145695131376253	0.030238185318810788	0.8772975041004134	0.8841572350006085	0.8882707384562171	0.8104673392109775	0.8165543354969058	0.3908074485363277	0.39261864043094225	0.3918209133395166	0.3922945764189519	0.3924621157315828	0.8188071771765715	0.827314425441475	0.8273933461117197	0.024705752432277236	0.03257943899470497	0.02493251725128359	0.838016789736345	0.8400829753702367	0.8294665175967703	0.026748942905881607	0.04748260435181043	0.03221807892278563	0.38906318101809734	0.38784731071176815	0.38967879318207993	0.030891404928533952	0.13303917431215045	0.04104013979257361	0.3593998175115749	0.3551953891149247	0.3569437879049941	0.031999972170015954	0.028927922226153733	0.041226133033361936	0.86351479160935	0.8658543358044092	0.87018943908674	0.3886724923674056	0.33615099239564017	0.3915575439248111	0.8362491318874581	0.83302229645032	0.8378145710731989	0.03806288851439779	0.021277836912965746	0.028300699476593014	0.8719955203192515	0.8707579603550432	0.8622122130555867	0.39235252254940395	0.3935713203947686	0.3915092652614166
S1_P_ST_39B	45773	0.7998043178233469	0.7948898171305409	0.8517768999023411	0.7054795551470793	0.7264864190927723	0.05617283936975031	0.050763593196138615	0.053044124037917924	0.04299728131899467	0	0.8539486957244843	0.862871321267424	0.8632686858478944	0.7332822134779519	0.7748789697642491	0.08120726861643252	0.0782636901486562	0.07734717736507442	0.06145647345844932	0.03215626465018768	0.3604488754033618	0.09205029868894019	0.35052677936057275	0.3513493132484027	0.35177548399269387	0.08025267896927171	0.3511916329725188	0.09837639714233423	0.07533998462562867	0.05659300171037062	0.3144375219525103	0.3116360856956708	0.3113218390968383	0.31849368192067334	0.32092756344354795	0.07162541656033183	0.07284971947118332	0.06361042162965944	0.06022651377794185	0.040200447608135	0.879977197141272	0.8853571162720886	0.8815420219664873	0.7997202505043168	0.8127211344880532	0.35483291709623616	0.21547846120217828	0.3314471454756117	0.26524952633908194	0.32893906496106046	0.8496241919583912	0.8586575269705389	0.848618802453237	0.6685777034697711	0.7708153820552757	0.07325728808921969	0.08326867368570279	0.08825762151388294	0.0668787503835048	0.028843122193625715	0.8764904593420629	0.8833501902422578	0.8874636936978665	0.8096602944526269	0.8157472907385551	0.3527897302923729	0.3546009221869875	0.3538031950955618	0.3542768581749971	0.354444397487628	0.8180001324182207	0.8265073806831243	0.826586301353369	0.04021838625458021	0.03580935595021821	0.035238597749028905	0.8372097449779944	0.8392759306118861	0.8286594728384198	0.06742907893741239	0.03913515889653763	0.0628321179809128	0.3510454627741426	0.3498295924678134	0.3516610749381252	0.07165183166918845	0.1547168184110269	0.08180056653322813	0.3213820992676201	0.31717767087096993	0.31892606966103937	0.06696641127119662	0.06956424735665961	0.08149298843707162	0.8627077468509995	0.8650472910460585	0.8693823943283893	0.35065477412345075	0.2981332741516854	0.35353982568085635	0.8354420871291073	0.8322152516919694	0.8370075263148481	0.05637163707739171	0.06076787190357084	0.06660183945928384	0.8711884755609007	0.8699509155966924	0.861405168297236	0.3543348043054492	0.35555360215081383	0.3534915470174619
S2_E_field	45774	0.0752005258690061	0.07947603431880616	0.021354029150772773	0.19292889331657545	0.20987387299679658	0.8550261435213532	0.8546736533285028	0.8594873943711152	0.8547557404828349	0.8539486957244843	0	0.018500089948161085	0.022151641205377257	0.17910616051030456	0.1764716636202857	0.8594873943711154	0.8594873943711151	0.8551682142832675	0.855074187440746	0.8551534419017147	0.8594873943711154	0.8552246250935023	0.8594873943711154	0.8594873943711151	0.8594873943711151	0.8540207210173865	0.8594873943711154	0.8535807799813807	0.8536953294999886	0.8540208454455024	0.8306854822109719	0.832574141131119	0.8330428038239607	0.8307890051839278	0.8129482793530168	0.8594873943711152	0.8527544299320021	0.8527019830055513	0.8515282413451354	0.8544624774275937	0.04977136486722537	0.0533759365159406	0.058904106075424144	0.11029493246491354	0.13731125975880254	0.8594873943711152	0.8594873943711152	0.8594873943711154	0.8594873943711154	0.8594873943711154	0.019098151029371943	0.01749888636729687	0.017187840584846886	0.33259498701359164	0.17100730851994755	0.8553016520558765	0.8594873943711152	0.8551019637461914	0.8594873943711152	0.8554336286361035	0.06914841261277468	0.07196054279790072	0.07361768550569042	0.1079775507988915	0.11791104997864488	0.8594873943711152	0.8594873943711151	0.8594873943711154	0.8594873943711154	0.8594873943711154	0.07655428903497126	0.06499821119109535	0.07748383266987918	0.8537128755810145	0.8594873943711152	0.854986871989053	0.046173987125561186	0.04701994253189667	0.06502953381778351	0.8551691530730259	0.8594873943711151	0.8594873943711154	0.8594873943711151	0.8594873943711151	0.8594873943711154	0.8551949024666045	0.8594873943711152	0.8548480482979903	0.8297939077810772	0.8255765642537002	0.8318660968970104	0.8530175672919482	0.8546316388726862	0.85426216914589	0.05662840179538076	0.05129768102241991	0.05154662555355051	0.8594873943711154	0.8594873943711152	0.8594873943711151	0.08621878759799675	0.0666292966282467	0.07505888014362588	0.8594873943711151	0.8594873943711152	0.8594873943711152	0.0785881021305971	0.05991456227464787	0.05485351996979905	0.8594873943711152	0.8594873943711152	0.8594873943711153
S2_E_LT_31A	45775	0.08153247821607561	0.08580798666587569	0.03212307045758227	0.20791557010434086	0.2248605497845619	0.8639487690642931	0.8635962788714427	0.8684100199140552	0.8636783660257746	0.862871321267424	0.018500089948161085	0	0.011173390360050993	0.19167896785012734	0.19223249178494028	0.8684100199140552	0.868410019914055	0.8640908398262074	0.8639968129836858	0.8640760674446548	0.8684100199140552	0.8641472506364422	0.8684100199140551	0.8684100199140554	0.8684100199140552	0.8629433465603265	0.8684100199140551	0.8625034055243205	0.8626179550429286	0.8629434709884423	0.8396081077539118	0.8414967666740589	0.8419654293669006	0.8397116307268676	0.8218709048959567	0.8684100199140552	0.8616770554749421	0.8616246085484909	0.8604508668880754	0.8633851029705335	0.04124140827676811	0.04306526851618049	0.048484678347580225	0.12803117488507823	0.1506236193610938	0.8684100199140551	0.8684100199140551	0.8684100199140551	0.8684100199140552	0.8684100199140553	0.031140749980704117	0.02554656580242967	0.030175462897916238	0.3451677943534143	0.18874355094011222	0.8642242775988165	0.868410019914055	0.8640245892891315	0.868410019914055	0.8643562541790434	0.05967431850074732	0.06169578766556399	0.060557451873530975	0.11159332633536186	0.13564729239880957	0.8684100199140552	0.8684100199140554	0.8684100199140551	0.868410019914055	0.868410019914055	0.09230481335073303	0.08034379539380956	0.09323435698564095	0.8626355011239543	0.8684100199140552	0.8639094975319928	0.063363672725676	0.06252594015197362	0.08352962376594458	0.8640917786159655	0.8684100199140553	0.8684100199140551	0.8684100199140554	0.8684100199140552	0.8684100199140551	0.8641175280095442	0.8684100199140552	0.8637706738409303	0.8387165333240167	0.8344991897966402	0.8407887224399503	0.861940192834888	0.8635542644156261	0.86318479468883	0.057852209463340486	0.05235791427395483	0.054823528651174215	0.8684100199140551	0.8684100199140552	0.8684100199140553	0.09620164639247154	0.08330438516153292	0.08702745704250361	0.8684100199140552	0.8684100199140554	0.868410019914055	0.07122827798668165	0.0546041961025927	0.05613336317665008	0.8684100199140554	0.8684100199140552	0.8684100199140552
S2_E_LT_33A	45776	0.08247429605782011	0.08674980450762018	0.03639708091704645	0.20968425456216888	0.22662923424239	0.8643461336447633	0.863993643451913	0.8688073844945254	0.8640757306062451	0.8632686858478944	0.022151641205377257	0.011173390360050993	0	0.19348852013822224	0.19322702486587914	0.8688073844945254	0.8688073844945254	0.8644882044066777	0.864394177564156	0.8644734320251253	0.8688073844945254	0.8645446152169126	0.8688073844945254	0.8688073844945254	0.8688073844945254	0.8633407111407967	0.8688073844945254	0.8629007701047907	0.8630153196233988	0.8633408355689125	0.840005472334382	0.8418941312545293	0.8423627939473708	0.8401089953073377	0.822268269476427	0.8688073844945254	0.8620744200554123	0.8620219731289613	0.8608482314685456	0.8637824675510039	0.04455492656612176	0.04742961468927881	0.05284902452067855	0.12878989928942855	0.1568165732117199	0.8688073844945254	0.8688073844945254	0.8688073844945254	0.8688073844945254	0.8688073844945257	0.037674245537917296	0.032309940731573124	0.03053433235901486	0.34697734664150925	0.1895022753444625	0.8646216421792866	0.8688073844945254	0.8644219538696015	0.8688073844945254	0.8647536187595136	0.0632020907861129	0.06601422097123892	0.06593175810010705	0.1080011590704522	0.13751566047791242	0.8688073844945254	0.8688073844945254	0.8688073844945254	0.8688073844945254	0.8688073844945254	0.09488540211066089	0.08292438415373744	0.09581494574556883	0.8630328657044247	0.8688073844945254	0.8643068621124632	0.06419890988373493	0.0671253638026778	0.08600656456615619	0.8644891431964361	0.8688073844945254	0.8688073844945254	0.8688073844945254	0.8688073844945254	0.8688073844945254	0.8645148925900146	0.8688073844945254	0.8641680384214007	0.839113897904487	0.8348965543771104	0.8411860870204205	0.8623375574153582	0.8639516289960963	0.8635821592693003	0.06797477193964681	0.06208311216979083	0.06353876649353249	0.8688073844945254	0.8688073844945254	0.8688073844945254	0.1063242088687779	0.0884743234779494	0.09532815516323234	0.8688073844945254	0.8688073844945254	0.8688073844945254	0.07501478192161111	0.057917714391946366	0.06524596559947865	0.8688073844945254	0.8688073844945254	0.8688073844945254
S2_E_LT_35A	45777	0.13421120803255657	0.13357343332179245	0.18559538813110896	0.09496399937406527	0.1268042723207192	0.7343596612748208	0.7340071710819704	0.7388209121245829	0.7340892582363024	0.7332822134779519	0.17910616051030456	0.19167896785012734	0.19348852013822224	0	0.14730958679765227	0.7388209121245829	0.7388209121245828	0.7345017320367351	0.7344077051942136	0.7344869596551825	0.7388209121245829	0.7345581428469701	0.7388209121245829	0.7388209121245829	0.7388209121245829	0.7333542387708541	0.7388209121245829	0.7329142977348482	0.7330288472534564	0.73335436319897	0.7100189999644394	0.7119076588845865	0.7123763215774281	0.7101225229373954	0.69649120364957	0.7388209121245829	0.7320879476854698	0.7320355007590189	0.7308617590986031	0.7337959951810613	0.19692573982313516	0.20637838378080786	0.2048857488823663	0.09417920335356493	0.14350470195330262	0.7388209121245829	0.7388209121245829	0.7388209121245829	0.7388209121245831	0.7388209121245829	0.16745323383630817	0.17596086363573016	0.16880145950895234	0.15348882650328702	0.11750087316562144	0.7346351698093442	0.7388209121245829	0.734435481499659	0.7388209121245829	0.7347671463895712	0.19743530035521634	0.20576417012755577	0.20973950322261312	0.11143735409225289	0.10558697061310847	0.7388209121245829	0.738820912124583	0.7388209121245829	0.7388209121245829	0.7388209121245831	0.1453195125622188	0.14353329127023795	0.15682591768631812	0.733046393334482	0.7388209121245828	0.7343203897425207	0.15375774019912475	0.15483451329800868	0.14005682947282663	0.7345026708264933	0.7388209121245831	0.7388209121245829	0.7388209121245829	0.7388209121245829	0.7388209121245828	0.734528420220072	0.738820912124583	0.7341815660514578	0.7091274255345447	0.7077196885428255	0.7111996146504779	0.7323510850454158	0.7339651566261539	0.7335956868993576	0.16919178233845922	0.16950378790371945	0.1761141882579927	0.7388209121245828	0.7388209121245829	0.738820912124583	0.18610481071757703	0.14531237366825941	0.15338369888816714	0.7388209121245829	0.7388209121245829	0.7388209121245829	0.17499570400779457	0.17485620356281129	0.1535984605840001	0.7388209121245828	0.738820912124583	0.7388209121245829
S2_E_ST_39B	45778	0.1360269863611051	0.13952975084131455	0.17763901137258634	0.10064828229462182	0.054760530127219015	0.775956417561118	0.7756039273682677	0.78041766841088	0.7756860145225998	0.7748789697642491	0.1764716636202857	0.19223249178494028	0.19322702486587914	0.14730958679765227	0	0.7804176684108801	0.7804176684108801	0.7760984883230323	0.7760044614805108	0.7760837159414796	0.7804176684108801	0.7761548991332673	0.7804176684108801	0.78041766841088	0.78041766841088	0.7749509950571514	0.7804176684108801	0.7745110540211454	0.7746256035397535	0.7749511194852673	0.7516157562507367	0.7535044151708838	0.7539730778637256	0.7517192792236925	0.7338785533927816	0.7804176684108802	0.773684703971767	0.7736322570453161	0.7724585153849003	0.7753927514673584	0.19797761409230935	0.21448293978178584	0.2107353675597693	0.08898367760773146	0.05690782975582188	0.78041766841088	0.7804176684108799	0.7804176684108801	0.78041766841088	0.78041766841088	0.16265369021483453	0.16791195082874502	0.1713267425128883	0.2915453551618168	0.03860961266284906	0.7762319260956414	0.7804176684108801	0.7760322377859563	0.7804176684108801	0.7763639026758683	0.2043437923725512	0.21040270015181264	0.21355173274400432	0.13673426200934993	0.10753355023197449	0.7804176684108801	0.78041766841088	0.7804176684108801	0.7804176684108801	0.7804176684108802	0.11815595501904749	0.1210305965573119	0.11524012987319095	0.7746431496207793	0.78041766841088	0.7759171460288179	0.13029767649472454	0.1313841679493432	0.11240131817010679	0.7760994271127905	0.7804176684108802	0.7804176684108801	0.78041766841088	0.7804176684108799	0.78041766841088	0.7761251765063693	0.7804176684108801	0.7757783223377549	0.7507241818208421	0.7465068382934651	0.7527963709367751	0.773947841331713	0.775561912912451	0.7751924431856547	0.1513674995414374	0.15061584565864622	0.16392222134266107	0.78041766841088	0.78041766841088	0.7804176684108801	0.10985623970972665	0.11525694346677612	0.10863949589158667	0.78041766841088	0.7804176684108802	0.7804176684108802	0.15522329839120771	0.16882577882858632	0.1541150512300279	0.7804176684108799	0.7804176684108801	0.78041766841088
S2_P_field	45779	0.805343016469978	0.8004285157771718	0.8573155985489722	0.7110182537937102	0.7320251177394035	0.026747578245658796	0.033474945839760434	0.040128054659164185	0.03992915536501645	0.08120726861643252	0.8594873943711154	0.8684100199140552	0.8688073844945254	0.7388209121245829	0.7804176684108801	0	0.008397137754744273	0.013100621075817049	0.020227402950515075	0.059020847326739775	0.42201024553965727	0.02987952959743459	0.41208814949686823	0.4129106833846982	0.4133368541289894	0.01860719651156956	0.4127530031088143	0.0343239847138153	0.01800025609500746	0.027406260362871807	0.37599889208880577	0.37319745583196645	0.37288320923313373	0.3800550520569689	0.387290588303933	0.018698557284009456	0.027826843985958645	0.03540303405593031	0.03274947960159482	0.05079705462742398	0.885515895787903	0.8908958149187196	0.8870807206131184	0.8052589491509479	0.8182598331346841	0.4163942872325317	0.2770398313384739	0.3930085156119072	0.3268108964753774	0.390500435097356	0.8551628906050223	0.8641962256171697	0.854157501099868	0.6741164021164022	0.7763540807019068	0.02046985622948377	0.013776598850216527	0.01768035331627659	0.03156075927423381	0.05236414642280679	0.8820291579886939	0.8888888888888888	0.8930023923444976	0.8151989930992578	0.8212859893851863	0.41435110042866846	0.41616229232328295	0.41536456523185733	0.41583822831129263	0.41600576762392355	0.8235388310648519	0.8320460793297553	0.832125	0.06090408087496567	0.06736323681012003	0.06232809528780331	0.8427484436246253	0.844814629258517	0.8341981714850506	0.02921907544196132	0.05683181592176171	0.034081197363082	0.4126068329104381	0.4113909626041089	0.41322244507442074	0.02748114305061806	0.11314891466863174	0.023320589613206266	0.38294346940391555	0.37873904100726546	0.38048743979733485	0.0473872988663636	0.026343748860004713	0.020579991756462333	0.8682464454976303	0.8705859896926895	0.8749210929750203	0.41221614425974634	0.3596946442879809	0.415101195817152	0.8409807857757383	0.8377539503386005	0.8425462249614794	0.0407321383671247	0.03679680730287331	0.037195951938675725	0.8767271742075318	0.8754896142433234	0.866943866943867	0.41589617444174476	0.4171149722871094	0.41505291715375736
S2_P_LT_31A	45780	0.8053430164699781	0.8004285157771719	0.8573155985489724	0.7110182537937101	0.7320251177394034	0.02310561836038235	0.03026226980392164	0.035783665868525064	0.03656921234089977	0.0782636901486562	0.8594873943711151	0.868410019914055	0.8688073844945254	0.7388209121245828	0.7804176684108801	0.008397137754744273	0	0.012844841811768174	0.016807216690206885	0.056077268858963455	0.41762571684937394	0.026653855445062102	0.4077036208065849	0.40852615469441483	0.408952325438706	0.01682558166860992	0.40836847441853097	0.030791065272863648	0.017635530346715233	0.024046317338755126	0.3716143633985224	0.368812927141683	0.36849868054285045	0.37567052336668555	0.38290605961364965	0.01369201200757533	0.026891136695162153	0.0300263557193511	0.02847429930055272	0.04759370642313375	0.885515895787903	0.8908958149187194	0.8870807206131184	0.8052589491509478	0.8182598331346841	0.41200975854224825	0.2726553026481905	0.3886239869216238	0.32242636778509404	0.3861159064070726	0.855162890605022	0.8641962256171697	0.854157501099868	0.6741164021164021	0.7763540807019068	0.01837125576224257	0.013004218934181399	0.017141002604883628	0.028537811347836815	0.049420567955030484	0.8820291579886936	0.8888888888888887	0.8930023923444975	0.8151989930992578	0.8212859893851863	0.409966571738385	0.41177776363299956	0.41098003654157395	0.4114536996210092	0.4116212389336402	0.8235388310648519	0.8320460793297553	0.832125	0.05796050240718935	0.06400329378600335	0.057077767696026516	0.8427484436246253	0.844814629258517	0.8341981714850506	0.02798088285276319	0.05380986899439929	0.03045075773217428	0.40822230422015476	0.40700643391382557	0.40883791638413736	0.02429787957925586	0.11252537857266919	0.019773584470501118	0.37855894071363216	0.37435451231698214	0.3761029111070515	0.04206706288528377	0.024282135298351278	0.022351178080901552	0.8682464454976303	0.8705859896926895	0.8749210929750203	0.4078316155694629	0.3553101155976975	0.41071666712686855	0.8409807857757383	0.8377539503386005	0.8425462249614794	0.041544787469666014	0.033916553902265924	0.03431569853806834	0.8767271742075318	0.8754896142433234	0.8669438669438668	0.4115116457514615	0.412730443596826	0.4106683884634741
S2_P_LT_33A	45781	0.8010238363821301	0.7961093356893241	0.8529964184611246	0.7066990737058624	0.7277059376515558	0.024214461532030218	0.0289496859783614	0.03933756474629037	0.03596573970579514	0.07734717736507442	0.8551682142832675	0.8640908398262074	0.8644882044066777	0.7345017320367351	0.7760984883230323	0.013100621075817049	0.012844841811768174	0	0.016108923240688175	0.055160756075381664	0.4231332357247438	0.01961277876764641	0.4132111396819548	0.4140336735697847	0.41445984431407595	0.0100801771905042	0.41387599329390085	0.022248738336043135	0.009711694246817396	0.023442844703650496	0.37712188227389226	0.3743204460170529	0.3740061994182204	0.3811780422420554	0.38409439840117177	0.018044663271072445	0.022253248569509974	0.030236921699709388	0.027869231167819614	0.046833638968202675	0.8811967157000555	0.8865766348308718	0.8827615405252707	0.8009397690631	0.8139406530468364	0.4175172774176181	0.27816282152356037	0.3941315057969937	0.32793388666046397	0.3916234252824425	0.8508437105171744	0.8598770455293219	0.8498383210120203	0.6697972220285544	0.772034900614059	0.015493624001371243	0.01637019591103666	0.012724820649121466	0.03775465178258247	0.048769469524284695	0.877709977900846	0.8845697088010412	0.88868321225665	0.8108798130114102	0.8169668092973384	0.415474090613755	0.41728528250836955	0.41648755541694393	0.4169612184963791	0.4171287578090101	0.8192196509770041	0.8277268992419075	0.8278058199121522	0.05704398962360756	0.06771900123874645	0.057551171261891305	0.8384292635367776	0.8404954491706692	0.8298789913972029	0.032170370798963725	0.05721253629866524	0.03309435351621533	0.4137298230955247	0.41251395278919545	0.4143454352595073	0.0282503434291223	0.10757499176631331	0.02035139092240119	0.38406645958900215	0.37986203119235207	0.3816104299824214	0.04227762886564207	0.02847068445479359	0.02444910503475662	0.8639272654097826	0.8662668096048417	0.8706019128871725	0.4133391344448329	0.3608176344730674	0.41622418600223854	0.8366616056878905	0.8334347702507526	0.8382270448736315	0.05036084813625756	0.03692315016455341	0.03732229480035582	0.8724079941196841	0.8711704341554758	0.8626246868560192	0.4170191646268313	0.4182379624721959	0.41617590733884396
